Total distance:                 329.00

Order in which the customers have to be delivered

        0          1          2          3          4          5          6          7          8          9          10         11         12         13         14         15         16         17         18         19         20         21         22         23         24         25         26         27         28         29         30         31         32         33         34         35         36         37         38         39         40
0                                                                                                                                          1.000
1                                                                                                                                                                                                                                                                                         1.000
2                                                                                                                                                                                                                                                                                                               1.000
3                                                                                                                                                                                                                                                                                                                                                                                                                             1.000
4                                                             1.000
5                 1.000
6                                                                                                                                                                                                                                                                                                                                                                                            1.000
7                                                                                                                                                                                                                       1.000
8                                                                                                                                                     1.000
9                                                                                                                                                                                                                                                                                                                                                           1.000
10                                                                                                                                                                                     1.000
11                                                                                                                                                                                                                                                                             1.000
12                                                                                                                                                                                                                                                                                                                                                                                                                                                             1.000
13                                                                                                                                                                                                                                                                                                   1.000
14                                                                                                        1.000
15                                                                                  1.000
16                                                                                                                                                                                                                                                       1.000
17                                                                                                                                                                                                                                                                                                                                                                                                      1.000
18                                                                                                                                                                                                                                            1.000
19                                                                                                                                                                                                                                                                  1.000
20                                                                                                                                                                                                                                                                                                                                    1.000
21                                                                                                                                                                                                                                                                                                                                                                     1.000
22                                                                                             1.000
23                                                                                                                   1.000
24                                                                                                                                                                                                1.000
25                                                                                                                                                                                                                                                                                                                                                                                1.000
26                                                                                                                                                                                                           1.000
27                                                                                                                                                                                                                                                                                                                                                                                                                 1.000
28                                      1.000
29                                                                                                                              1.000
30                                                                                                                                                                                                                                                                                                                                                                                                                                       1.000
31     1.000
32                                                                       1.000
33                                                                                                                                                                                                                                 1.000
34                                                 1.000
35                                                                                                                                                                                                                                                                                                                                                                                                                                                  1.000
36                                                                                                                                                                                                                                                                                                                         1.000
37                                                                                                                                                               1.000
38                                                                                                                                                                          1.000
39                           1.000
40                                                                                                                                                                                                                                                                                                                                               1.000

Position of each node in the tour

Node    Position
1       21.00
2       31.00
3       35.00
4       19.00
5       20.00
6       17.00
7       5.00
8       11.00
9       38.00
10      8.00
11      26.00
13      12.00
14      37.00
15      4.00
16      9.00
17      28.00
18      14.00
19      6.00
20      24.00
21      15.00
22      10.00
23      7.00
24      27.00
25      22.00
26      13.00
27      32.00
28      34.00
29      25.00
30      2.00
31      39.00
32      16.00
33      23.00
34      18.00
35      29.00
36      33.00
37      36.00
38      3.00
39      30.00
40      1.00

Arrival time at nodes:

Node    Arrival time
1       620.60
2       779.00
3       860.60
4       542.20
5       607.40
6       488.00
7       274.20
8       415.00
9       901.20
10      371.00
11      693.00
12      80.00
13      425.00
14      886.40
15      260.40
16      380.40
17      714.00
18      452.20
19      301.00
20      663.00
21      467.40
22      398.20
23      350.00
24      703.60
25      636.00
26      437.40
27      797.80
28      830.40
29      672.00
30      117.20
31      922.00
32      476.00
33      645.20
34      531.00
35      761.00
36      815.80
37      874.60
38      247.20
39      768.00
40      104.20
