Total distance:                 220.00

Assignment of customers to vehicles

           1          2          3
0 .8    1.000
0 .10                         1.000
0 .12              1.000
1 .11   1.000
2 .0               1.000
3 .2               1.000
4 .5                          1.000
5 .18                         1.000
6 .17                         1.000
7 .1    1.000
8 .13   1.000
9 .14              1.000
10.16                         1.000
11.20   1.000
12.19              1.000
13.15   1.000
14.3               1.000
15.7    1.000
16.6                          1.000
17.4                          1.000
18.0                          1.000
19.9               1.000
20.0    1.000

Position of a node 1 in a tour

        1          2          3
1     4.000
2                5.000
3                4.000
4                           4.000
5                           5.000
6                           2.000
7     3.000
9                2.000
11    5.000
13    1.000
14               3.000
15    2.000
16                          1.000
17                          3.000
18                          6.000
19               1.000
20    6.000

Assignment of nodes and vehicles

        1       2       3
0     1.000   1.000   1.000
1     1.000
2                1.000
3                1.000
4                           1.000
5                           1.000
6                           1.000
7     1.000
8     1.000
9                1.000
10                          1.000
11    1.000
12               1.000
13    1.000
14               1.000
15    1.000
16                          1.000
17                          1.000
18                          1.000
19               1.000
20    1.000

Arrival time at nodes:

Node    Arrival time
1       576.00
2       940.00
3       922.00
4       570.00
5       593.00
6       395.50
7       429.00
8       335.00
9       733.00
10      371.00
11      587.50
12      80.00
13      344.00
14      802.00
15      416.50
16      379.00
17      554.00
18      602.00
19      301.00
20      835.00
